-0.077545 
-0.091949 
-0.090179 
-0.078400 
-0.063354 
-0.043610 
-0.016785 
0.013428 
0.037079 
0.050720 
0.058502 
0.064667 
0.066223 
0.057953 
0.042084 
0.027222 
0.016052 
0.002960 
-0.014679 
-0.033661 
-0.045990 
-0.052124 
-0.057556 
-0.062439 
-0.060211 
-0.046021 
-0.024597 
-0.002533 
0.018677 
0.043640 
0.069794 
0.088898 
0.093567 
0.085815 
0.071106 
0.049408 
0.017944 
-0.021088 
-0.057892 
-0.082947 
-0.095764 
-0.100586 
-0.095306 
-0.074158 
-0.038422 
0.002686 
0.038361 
0.067810 
0.091705 
0.106842 
0.106018 
0.087494 
0.059418 
0.029907 
-0.000061 
-0.032349 
-0.061615 
-0.078949 
-0.080841 
-0.073364 
-0.062164 
-0.046448 
-0.023407 
0.003448 
0.024902 
0.038147 
0.046631 
0.054962 
0.059540 
0.055389 
0.044312 
0.033386 
0.025299 
0.014923 
-0.001343 
-0.020142 
-0.034515 
-0.044037 
-0.053528 
-0.063232 
-0.066437 
-0.057068 
-0.039185 
-0.019165 
0.001556 
0.026459 
0.054443 
0.076965 
0.086365 
0.084717 
0.074432 
0.056915 
0.028625 
-0.009308 
-0.046356 
-0.073669 
-0.090240 
-0.099457 
-0.099182 
-0.083588 
-0.052979 
-0.015839 
0.018494 
0.048157 
0.074036 
0.092010 
0.094543 
0.080353 
0.056671 
0.031006 
0.004333 
-0.024841 
-0.052795 
-0.070923 
-0.074554 
-0.069916 
-0.062286 
-0.050476 
-0.031128 
-0.008118 
0.010498 
0.021790 
0.029236 
0.037231 
0.043518 
0.043549 
0.036652 
0.029694 
0.025513 
0.018951 
0.006165 
-0.010254 
-0.023987 
-0.034546 
-0.046021 
-0.058655 
-0.065887 
-0.062164 
-0.048981 
-0.032135 
-0.012787 
0.011841 
0.040649 
0.065247 
0.078339 
0.079987 
0.074036 
0.060547 
0.035431 
0.000397 
-0.035278 
-0.063049 
-0.080841 
-0.091919 
-0.093262 
-0.080353 
-0.052612 
-0.018127 
0.014465 
0.042358 
0.067627 
0.085388 
0.088806 
0.076996 
0.055176 
0.031403 
0.007172 
-0.018982 
-0.043793 
-0.059418 
-0.062561 
-0.057526 
-0.049896 
-0.039429 
-0.022614 
-0.002533 
0.013672 
0.023132 
0.029114 
0.035278 
0.040405 
0.039246 
0.034454 
0.030365 
0.028076 
0.024445 
0.014496 
0.000824 
-0.011414 
-0.021057 
-0.031830 
-0.044678 
-0.053650 
-0.052917 
-0.043304 
-0.029572 
-0.012970 
0.009705 
0.037018 
0.061615 
0.076050 
0.080048 
0.076721 
0.065521 
0.043427 
0.011963 
-0.021454 
-0.048981 
-0.067993 
-0.080688 
-0.084503 
-0.074982 
-0.051270 
-0.020172 
0.010132 
0.037048 
0.060974 
0.078918 
0.084564 
0.075958 
0.058075 
0.037079 
0.014496 
-0.009918 
-0.033203 
-0.048767 
-0.053345 
-0.050873 
-0.045074 
-0.036560 
-0.022766 
-0.006348 
0.007324 
0.015472 
0.021271 
0.027069 
0.032166 
0.033264 
0.030304 
0.028168 
0.027954 
0.026337 
0.019257 
0.008453 
-0.002747 
-0.013000 
-0.025299 
-0.039551 
-0.050537 
-0.053375 
-0.048157 
-0.038208 
-0.024078 
-0.003418 
0.022461 
0.047058 
0.063690 
0.071198 
0.071472 
0.064301 
0.046204 
0.018433 
-0.012451 
-0.039398 
-0.059906 
-0.074097 
-0.079834 
-0.073792 
-0.054688 
-0.028564 
-0.001556 
0.023499 
0.046844 
0.065308 
0.070801 
0.064240 
0.049896 
0.032410 
0.012421 
-0.009003 
-0.029419 
-0.042816 
-0.047028 
-0.044983 
-0.040161 
-0.032471 
-0.021545 
-0.008423 
0.002045 
0.007660 
0.011017 
0.015015 
0.018524 
0.019409 
0.019012 
0.019745 
0.022125 
0.023132 
0.019684 
0.012390 
0.003326 
-0.005859 
-0.018158 
-0.032471 
-0.045013 
-0.051117 
-0.050140 
-0.043854 
-0.031586 
-0.013367 
0.010254 
0.033813 
0.051697 
0.062378 
0.066040 
0.061554 
0.047058 
0.022919 
-0.004791 
-0.030396 
-0.051117 
-0.066742 
-0.074005 
-0.070160 
-0.054688 
-0.032013 
-0.007629 
0.016571 
0.038483 
0.055206 
0.062500 
0.059021 
0.047607 
0.032013 
0.014069 
-0.004791 
-0.022522 
-0.034637 
-0.038971 
-0.037659 
-0.033630 
-0.026794 
-0.017212 
-0.006653 
0.001312 
0.005402 
0.007935 
0.010712 
0.013306 
0.014709 
0.015625 
0.017792 
0.021576 
0.024780 
0.024384 
0.020294 
0.013702 
0.004517 
-0.007751 
-0.022430 
-0.035309 
-0.043274 
-0.045654 
-0.042267 
-0.033264 
-0.017334 
0.005341 
0.028046 
0.046600 
0.059357 
0.065399 
0.062958 
0.050659 
0.030029 
0.005341 
-0.018433 
-0.039368 
-0.055115 
-0.063171 
-0.060730 
-0.048431 
-0.029541 
-0.007416 
0.014893 
0.035339 
0.050446 
0.057007 
0.054169 
0.045166 
0.031952 
0.015839 
-0.001373 
-0.016479 
-0.026611 
-0.030334 
-0.029266 
-0.024780 
-0.018066 
-0.009918 
-0.002411 
0.002411 
0.004669 
0.005402 
0.005890 
0.006531 
0.006683 
0.008484 
0.012695 
0.018280 
0.022614 
0.024200 
0.023224 
0.019226 
0.011383 
-0.000732 
-0.015289 
-0.029022 
-0.039063 
-0.044922 
-0.045074 
-0.038086 
-0.023743 
-0.004456 
0.015961 
0.034698 
0.049133 
0.057434 
0.057220 
0.047424 
0.030029 
0.008392 
-0.013824 
-0.034576 
-0.050903 
-0.059326 
-0.058167 
-0.048645 
-0.033264 
-0.014221 
0.006348 
0.025146 
0.038818 
0.044952 
0.043610 
0.036255 
0.024445 
0.009613 
-0.006042 
-0.018768 
-0.026031 
-0.028442 
-0.027496 
-0.023163 
-0.016663 
-0.009003 
-0.003448 
0.000824 
0.001465 
-0.000031 
-0.000610 
-0.001831 
-0.002502 
-0.001068 
0.003448 
0.009155 
0.014526 
0.018219 
0.019928 
0.018768 
0.012848 
0.002533 
-0.010437 
-0.022980 
-0.033173 
-0.040985 
-0.043701 
-0.039001 
-0.027130 
-0.010193 
0.008057 
0.025543 
0.040375 
0.049805 
0.050781 
0.043091 
0.028564 
0.010376 
-0.009155 
-0.028717 
-0.044250 
-0.052338 
-0.051453 
-0.043091 
-0.029663 
-0.012573 
0.006256 
0.023773 
0.035767 
0.040405 
0.039368 
0.032928 
0.022491 
0.008911 
-0.005005 
-0.016113 
-0.022064 
-0.023407 
-0.021729 
-0.016876 
-0.009674 
-0.002136 
0.002747 