0.064758 
0.051300 
0.017578 
-0.032745 
-0.083588 
-0.117920 
-0.128967 
-0.126160 
-0.125031 
-0.131897 
-0.140076 
-0.136719 
-0.111023 
-0.063507 
-0.007050 
0.043091 
0.075867 
0.091675 
0.101929 
0.115540 
0.135712 
0.155121 
0.158905 
0.136841 
0.092346 
0.041382 
0.001770 
-0.017944 
-0.026672 
-0.040894 
-0.067810 
-0.101105 
-0.126617 
-0.131714 
-0.116058 
-0.089111 
-0.063293 
-0.047516 
-0.041901 
-0.036346 
-0.020508 
0.011932 
0.050598 
0.077271 
0.080444 
0.063660 
0.043396 
0.035675 
0.044220 
0.057526 
0.059631 
0.044464 
0.017975 
-0.005676 
-0.014069 
-0.005280 
0.012360 
0.025330 
0.022430 
0.003265 
-0.019348 
-0.034088 
-0.034241 
-0.026520 
-0.025757 
-0.041107 
-0.069031 
-0.094666 
-0.100586 
-0.081543 
-0.050049 
-0.024231 
-0.013245 
-0.011292 
-0.003937 
0.018738 
0.055267 
0.094971 
0.123810 
0.132233 
0.119232 
0.096893 
0.079926 
0.074493 
0.073730 
0.061188 
0.026520 
-0.024689 
-0.074615 
-0.107635 
-0.118744 
-0.117371 
-0.118134 
-0.126282 
-0.137726 
-0.138000 
-0.116089 
-0.071442 
-0.015198 
0.035431 
0.067230 
0.080475 
0.088074 
0.102722 
0.126129 
0.149536 
0.155792 
0.134949 
0.092438 
0.044678 
0.010437 
-0.005432 
-0.013855 
-0.028015 
-0.053894 
-0.086365 
-0.112427 
-0.119507 
-0.106720 
-0.082886 
-0.060242 
-0.049622 
-0.050842 
-0.051453 
-0.037750 
-0.005188 
0.035919 
0.065247 
0.068970 
0.054077 
0.038116 
0.036621 
0.051086 
0.066193 
0.070068 
0.055481 
0.029327 
0.004486 
-0.006897 
-0.000793 
0.013794 
0.023499 
0.016968 
-0.004944 
-0.029388 
-0.041992 
-0.036957 
-0.024261 
-0.020599 
-0.036438 
-0.065643 
-0.090302 
-0.093597 
-0.073608 
-0.043610 
-0.021057 
-0.013336 
-0.015320 
-0.012482 
0.006714 
0.041351 
0.080597 
0.109528 
0.117340 
0.104645 
0.084961 
0.073456 
0.075134 
0.080872 
0.072784 
0.040558 
-0.008514 
-0.055939 
-0.086334 
-0.096802 
-0.098145 
-0.104462 
-0.120209 
-0.139038 
-0.147552 
-0.132996 
-0.093231 
-0.039032 
0.010895 
0.043152 
0.057526 
0.067322 
0.087189 
0.120117 
0.153015 
0.165833 
0.148743 
0.108643 
0.064056 
0.032257 
0.015594 
0.003967 
-0.015350 
-0.048279 
-0.087555 
-0.118530 
-0.129364 
-0.118835 
-0.094543 
-0.070679 
-0.059509 
-0.060272 
-0.059387 
-0.041901 
-0.004211 
0.040070 
0.070129 
0.074249 
0.058624 
0.041473 
0.037994 
0.049988 
0.064087 
0.065796 
0.049500 
0.021820 
-0.003204 
-0.012787 
-0.004242 
0.013611 
0.026794 
0.021881 
0.001221 
-0.020935 
-0.029633 
-0.022736 
-0.010162 
-0.009094 
-0.028503 
-0.061890 
-0.090332 
-0.097778 
-0.081757 
-0.055176 
-0.034210 
-0.026398 
-0.027740 
-0.024811 
-0.005737 
0.031433 
0.075256 
0.108978 
0.120605 
0.110962 
0.093872 
0.084656 
0.088104 
0.093292 
0.082733 
0.048065 
-0.002716 
-0.051208 
-0.082458 
-0.095551 
-0.100006 
-0.107086 
-0.122620 
-0.140747 
-0.148712 
-0.133881 
-0.094360 
-0.040802 
0.009064 
0.040558 
0.054230 
0.062897 
0.080780 
0.111664 
0.142303 
0.153900 
0.137329 
0.100067 
0.060547 
0.032684 
0.019287 
0.010437 
-0.004883 
-0.033417 
-0.068970 
-0.097870 
-0.109955 
-0.102386 
-0.082977 
-0.065277 
-0.060303 
-0.067047 
-0.071350 
-0.058777 
-0.025024 
0.016968 
0.047943 
0.056732 
0.048035 
0.037964 
0.040131 
0.054993 
0.070618 
0.074738 
0.061249 
0.035461 
0.009766 
-0.002838 
0.001740 
0.015259 
0.022675 
0.014130 
-0.007813 
-0.029388 
-0.036682 
-0.028534 
-0.015289 
-0.013275 
-0.030060 
-0.057770 
-0.080444 
-0.084839 
-0.069794 
-0.045624 
-0.026306 
-0.019562 
-0.022064 
-0.022736 
-0.009369 
0.020782 
0.057983 
0.086426 
0.094940 
0.085907 
0.073425 
0.070862 
0.080017 
0.089478 
0.084412 
0.057770 
0.016388 
-0.023346 
-0.050812 
-0.065002 
-0.073456 
-0.085724 
-0.107025 
-0.132233 
-0.148590 
-0.143768 
-0.113556 
-0.067596 
-0.023376 
0.007477 
0.025208 
0.040649 
0.066589 
0.104095 
0.139832 
0.156219 
0.146027 
0.116516 
0.082642 
0.057098 
0.040985 
0.027771 
0.007111 
-0.026154 
-0.065674 
-0.098724 
-0.115265 
-0.110199 
-0.092834 
-0.076904 
-0.071655 
-0.074921 
-0.074463 
-0.057190 
-0.021667 
0.018799 
0.048431 
0.058228 
0.052094 
0.044525 
0.045258 
0.054749 
0.066284 
0.068420 
0.054321 
0.028870 
0.005005 
-0.006134 
-0.000519 
0.013489 
0.021423 
0.014893 
-0.003204 
-0.020172 
-0.023895 
-0.014374 
-0.003510 
-0.004211 
-0.021912 
-0.049927 
-0.073639 
-0.081512 
-0.073212 
-0.055573 
-0.040558 
-0.034393 
-0.033508 
-0.031036 
-0.015808 
0.015381 
0.054138 
0.084625 
0.096130 
0.091492 
0.082275 
0.080719 
0.088074 
0.093414 
0.084198 
0.056030 
0.015533 
-0.023132 
-0.049774 
-0.063568 
-0.071655 
-0.082642 
-0.101440 
-0.122253 
-0.134399 
-0.128967 
-0.101990 
-0.061615 
-0.023315 
0.003174 
0.019135 
0.033722 
0.057007 
0.089203 
0.119049 
0.133728 
0.127350 
0.103943 
0.077759 
0.058136 
0.046265 
0.036133 
0.018433 
-0.009705 
-0.043884 
-0.073334 
-0.088928 
-0.087189 
-0.075684 
-0.067291 
-0.069000 
-0.076965 
-0.079315 
-0.066650 
-0.038269 
-0.005219 
0.020660 
0.032837 
0.034637 
0.035553 
0.042175 
0.055481 
0.069885 
0.075714 
0.067413 
0.048553 
0.028015 
0.016541 
0.017181 
0.022705 
0.021820 
0.009064 
-0.011261 
-0.028473 
-0.033325 
-0.026367 
-0.017883 
-0.017792 
-0.028748 
-0.047028 
-0.062042 
-0.065308 
-0.056274 
-0.041046 
-0.027893 
-0.022705 
-0.023132 
-0.021606 
-0.011322 
0.011108 
0.039886 
0.061676 
0.070404 
0.067993 
0.063843 
0.067383 
0.077576 
0.084534 
0.079926 
0.061005 
0.032104 
0.003662 
-0.018097 
-0.033203 
-0.045349 