0.006958 
0.005585 
-0.001282 
-0.004852 
-0.000671 
0.011993 
0.028687 
0.041382 
0.045868 
0.043488 
0.038361 
0.036407 
0.040466 
0.044586 
0.041504 
0.026672 
0.002655 
-0.020752 
-0.038177 
-0.048279 
-0.054749 
-0.062988 
-0.075104 
-0.087616 
-0.092651 
-0.085297 
-0.063782 
-0.034058 
-0.004608 
0.019470 
0.036835 
0.051147 
0.069733 
0.091522 
0.110046 
0.115845 
0.104614 
0.079193 
0.049194 
0.023560 
0.003052 
-0.014069 
-0.033234 
-0.056854 
-0.079224 
-0.093048 
-0.094025 
-0.082428 
-0.063385 
-0.044495 
-0.029999 
-0.021149 
-0.014343 
-0.000519 
0.020233 
0.042175 
0.055817 
0.056091 
0.045563 
0.032928 
0.026733 
0.028076 
0.031555 
0.029968 
0.020264 
0.006348 
-0.005005 
-0.009155 
-0.004913 
0.003876 
0.009338 
0.006470 
-0.002289 
-0.011353 
-0.014648 
-0.011261 
-0.006653 
-0.007660 
-0.018707 
-0.036072 
-0.050323 
-0.053650 
-0.045074 
-0.029877 
-0.016418 
-0.008911 
-0.004303 
0.003204 
0.017609 
0.039673 
0.062134 
0.076752 
0.079132 
0.069916 
0.055817 
0.044586 
0.038483 
0.033051 
0.021576 
0.000336 
-0.025787 
-0.046722 
-0.057007 
-0.056763 
-0.051575 
-0.048676 
-0.050873 
-0.054810 
-0.055450 
-0.046967 
-0.027832 
-0.004578 
0.015350 
0.026611 
0.029388 
0.031067 
0.039124 
0.054199 
0.069702 
0.076538 
0.069916 
0.054138 
0.037781 
0.026825 
0.022430 
0.019287 
0.009369 
-0.008392 
-0.029572 
-0.046844 
-0.054199 
-0.052063 
-0.046173 
-0.042084 
-0.042969 
-0.048309 
-0.050507 
-0.041473 
-0.020386 
0.005371 
0.026062 
0.036407 
0.037750 
0.040222 
0.049255 
0.061493 
0.072296 
0.073334 
0.061829 
0.041656 
0.020844 
0.004730 
-0.002502 
-0.006042 
-0.012573 
-0.024719 
-0.039734 
-0.049316 
-0.045898 
-0.031403 
-0.014893 
-0.003967 
-0.002716 
-0.008087 
-0.011841 
-0.008575 
0.001587 
0.012970 
0.017395 
0.012573 
0.002747 
-0.005371 
-0.005249 
0.005280 
0.020172 
0.031708 
0.034546 
0.029572 
0.025269 
0.028900 
0.040100 
0.051636 
0.052917 
0.040741 
0.020905 
0.002136 
-0.009430 
-0.014618 
-0.020599 
-0.032074 
-0.049774 
-0.068695 
-0.082550 
-0.083282 
-0.069336 
-0.045563 
-0.021179 
-0.003540 
0.008728 
0.022858 
0.044403 
0.071442 
0.096619 
0.109589 
0.104797 
0.086639 
0.065155 
0.047272 
0.032501 
0.017517 
-0.002563 
-0.030121 
-0.057922 
-0.077942 
-0.084137 
-0.075897 
-0.060242 
-0.046295 
-0.038269 
-0.034790 
-0.028778 
-0.012695 
0.011688 
0.035461 
0.050415 
0.051849 
0.043182 
0.035522 
0.034210 
0.036835 
0.039459 
0.036316 
0.024628 
0.007935 
-0.005219 
-0.011505 
-0.006989 
0.003632 
0.008789 
0.004333 
-0.006500 
-0.013794 
-0.011017 
-0.000336 
0.008301 
0.007111 
-0.005005 
-0.022552 
-0.035828 
-0.040314 
-0.035522 
-0.025604 
-0.018524 
-0.016418 
-0.017181 
-0.014221 
-0.001984 
0.019012 
0.042023 
0.057892 
0.061066 
0.053528 
0.044678 
0.042480 
0.045990 
0.047119 
0.037628 
0.017731 
-0.006866 
-0.026550 
-0.035706 
-0.037231 
-0.036438 
-0.038971 
-0.046661 
-0.056763 
-0.062592 
-0.057983 
-0.041534 
-0.019470 
-0.002136 
0.006409 
0.008850 
0.013092 
0.026154 
0.045715 
0.062897 
0.069153 
0.063324 
0.050049 
0.037415 
0.030273 
0.027710 
0.025085 
0.016693 
-0.000092 
-0.020874 
-0.038147 
-0.045471 
-0.041840 
-0.034973 
-0.033875 
-0.041840 
-0.053040 
-0.058716 
-0.051147 
-0.032196 
-0.010498 
0.005524 
0.012177 
0.015045 
0.022003 
0.034760 
0.050018 
0.063232 
0.067688 
0.060089 
0.043579 
0.023682 
0.009888 
0.006439 
0.005676 
-0.001404 
-0.017029 
-0.036499 
-0.048981 
-0.047760 
-0.034546 
-0.019196 
-0.013275 
-0.016998 
-0.023346 
-0.025452 
-0.020508 
-0.009247 
0.002716 
0.008453 
0.006927 
0.000763 
-0.005432 
-0.004242 
0.005676 
0.019745 
0.028076 
0.024872 
0.014923 
0.008148 
0.012115 
0.024750 
0.036438 
0.037476 
0.027191 
0.011810 
0.000366 
-0.003723 
-0.003723 
-0.005615 
-0.013855 
-0.030457 
-0.050964 
-0.068573 
-0.075775 
-0.068848 
-0.052643 
-0.038025 
-0.030273 
-0.025940 
-0.014832 
0.007813 
0.037476 
0.063629 
0.078339 
0.078735 
0.069885 
0.060242 
0.052765 
0.045990 
0.036835 
0.020813 
-0.003357 
-0.031311 
-0.055237 
-0.067291 
-0.065430 
-0.057343 
-0.052826 
-0.055145 
-0.060883 
-0.059448 
-0.043976 
-0.019348 
0.005066 
0.021118 
0.026215 
0.026306 
0.027924 
0.033386 
0.040039 
0.044128 
0.041870 
0.031006 
0.013458 
-0.003723 
-0.012604 
-0.010590 
-0.003723 
-0.001862 
-0.009155 
-0.020935 
-0.027161 
-0.021515 
-0.007477 
0.003815 
0.004120 
-0.005890 
-0.020081 
-0.030701 
-0.033905 
-0.030762 
-0.026886 
-0.024078 
-0.024872 
-0.028442 
-0.028046 
-0.018555 
0.000519 
0.021423 
0.034546 
0.036987 
0.032501 
0.029327 
0.033203 
0.042023 
0.045929 
0.038879 
0.021729 
0.000946 
-0.015625 
-0.024567 
-0.027649 
-0.029205 
-0.034760 
-0.045868 
-0.058868 
-0.067383 
-0.065186 
-0.050812 
-0.031006 
-0.015686 
-0.009369 
-0.007050 
-0.000397 
0.015289 
0.035187 
0.049713 
0.053436 
0.047394 
0.037506 
0.028229 
0.023193 
0.022095 
0.021027 
0.015076 
0.001801 
-0.015442 
-0.030273 
-0.035706 
-0.030823 
-0.023529 
-0.022766 
-0.033234 
-0.047089 
-0.053040 
-0.047424 
-0.034027 
-0.020477 
-0.011932 
-0.009430 
-0.007416 
-0.000916 
0.011230 
0.026733 
0.040802 
0.047668 
0.045197 
0.035309 
0.024353 
0.018890 
0.020386 
0.022552 
0.016693 
-0.000122 
-0.020508 
-0.033844 
-0.035309 
-0.028381 
-0.022491 
-0.023224 
-0.029480 
-0.036621 
-0.038544 
-0.033142 
-0.022125 
-0.009766 
-0.001221 
0.001801 
-0.000885 
-0.001984 
0.002960 
0.014954 
0.025482 
0.028259 