-0.085480 
-0.075928 
-0.051758 
-0.027405 
-0.009796 
0.006653 
0.029907 
0.056732 
0.073181 
0.070587 
0.055786 
0.043365 
0.037598 
0.028442 
0.006775 
-0.022552 
-0.044952 
-0.050171 
-0.046356 
-0.046356 
-0.050537 
-0.051025 
-0.038391 
-0.016998 
-0.001099 
0.003815 
0.007202 
0.019684 
0.038116 
0.049164 
0.043457 
0.029785 
0.022034 
0.022858 
0.020691 
0.004730 
-0.020416 
-0.039337 
-0.042908 
-0.039093 
-0.039368 
-0.044250 
-0.042175 
-0.026123 
-0.003784 
0.011322 
0.015686 
0.018066 
0.026978 
0.038025 
0.038635 
0.023590 
0.002502 
-0.009888 
-0.010529 
-0.010529 
-0.018616 
-0.030731 
-0.034027 
-0.022278 
-0.005371 
0.003265 
0.001831 
0.000397 
0.005920 
0.013641 
0.011505 
-0.002411 
-0.015625 
-0.017181 
-0.010010 
-0.007416 
-0.014313 
-0.021210 
-0.016205 
0.000397 
0.014496 
0.015076 
0.007111 
0.004303 
0.010986 
0.016083 
0.010803 
-0.002655 
-0.012085 
-0.011078 
-0.007416 
-0.011688 
-0.023285 
-0.031036 
-0.026398 
-0.015594 
-0.010956 
-0.016266 
-0.021332 
-0.015015 
0.001587 
0.016449 
0.020325 
0.017853 
0.019775 
0.028870 
0.035797 
0.029663 
0.012878 
-0.003693 
-0.013367 
-0.021637 
-0.037170 
-0.057526 
-0.068909 
-0.062683 
-0.045929 
-0.030182 
-0.021149 
-0.009827 
0.013031 
0.042297 
0.062378 
0.063568 
0.052521 
0.042664 
0.036346 
0.024536 
0.000153 
-0.029114 
-0.049896 
-0.056702 
-0.057800 
-0.062164 
-0.067108 
-0.061249 
-0.039795 
-0.012909 
0.005829 
0.013519 
0.020050 
0.033142 
0.049133 
0.055817 
0.048157 
0.032867 
0.021210 
0.015381 
0.006439 
-0.011963 
-0.035065 
-0.049896 
-0.053070 
-0.052795 
-0.057373 
-0.063843 
-0.058929 
-0.036896 
-0.007782 
0.013397 
0.023407 
0.032104 
0.047974 
0.065033 
0.068909 
0.054077 
0.030701 
0.011108 
-0.003296 
-0.020660 
-0.044830 
-0.066711 
-0.073761 
-0.065094 
-0.052490 
-0.043640 
-0.035828 
-0.018188 
0.009796 
0.035736 
0.047241 
0.044739 
0.039093 
0.037750 
0.036743 
0.026978 
0.006714 
-0.013947 
-0.025452 
-0.027130 
-0.028656 
-0.035400 
-0.040924 
-0.036469 
-0.022491 
-0.009857 
-0.006622 
-0.008850 
-0.005219 
0.009033 
0.023590 
0.027374 
0.020386 
0.013702 
0.015472 
0.020508 
0.016022 
0.001160 
-0.013153 
-0.018768 
-0.017456 
-0.019867 
-0.028137 
-0.033356 
-0.025421 
-0.007935 
0.006165 
0.009186 
0.007721 
0.012787 
0.024597 
0.032135 
0.025391 
0.008484 
-0.005981 
-0.011444 
-0.012665 
-0.018127 
-0.027496 
-0.031097 
-0.022278 
-0.006073 
0.007050 
0.012024 
0.015717 
0.024139 
0.035004 
0.037567 
0.025391 
0.005951 
-0.007294 
-0.010834 
-0.012665 
-0.022095 
-0.035583 
-0.039551 
-0.029175 
-0.012878 
-0.002136 
0.001129 
0.006592 
0.020691 
0.035828 
0.040680 
0.032959 
0.023682 
0.021881 
0.024261 
0.018433 
0.001038 
-0.018127 
-0.026184 
-0.024017 
-0.022552 
-0.028595 
-0.036652 
-0.035645 
-0.023041 
-0.007080 
0.003601 
0.010071 
0.020050 
0.036835 
0.052673 
0.058105 
0.051239 
0.040680 
0.033478 
0.026642 
0.011108 
-0.015442 
-0.042755 
-0.057648 
-0.058411 
-0.053436 
-0.051392 
-0.047974 
-0.033264 
-0.005249 
0.024719 
0.044464 
0.053497 
0.060577 
0.069855 
0.073578 
0.061615 
0.036804 
0.011505 
-0.003296 
-0.014038 
-0.030090 
-0.050415 
-0.064636 
-0.062531 
-0.048065 
-0.032257 
-0.022308 
-0.012939 
0.003632 
0.025208 
0.043549 
0.051361 
0.051544 
0.051971 
0.055206 
0.054016 
0.040894 
0.018951 
-0.000946 
-0.011658 
-0.018188 
-0.030579 
-0.048096 
-0.060974 
-0.058777 
-0.044067 
-0.026642 
-0.014038 
-0.001709 
0.016907 
0.041046 
0.059937 
0.065643 
0.060699 
0.055664 
0.051819 
0.042419 
0.019226 
-0.009888 
-0.033020 
-0.035187 
-0.028564 
-0.036774 
-0.051025 
-0.049774 
-0.038849 
-0.000702 
0.046783 
0.057373 
0.048889 
0.038025 
0.029114 
0.011627 
-0.009613 
-0.008453 
0.000641 
-0.002045 
0.007538 
0.005066 
-0.020355 
-0.030487 
-0.022461 
-0.011627 
0.004333 
0.009308 
0.000366 
0.008057 
0.014099 
0.012238 
0.037354 
0.055786 
0.040741 
0.034729 
0.019775 
-0.015869 
-0.014099 
0.008667 
0.012207 
0.010620 
-0.011932 
-0.058228 
-0.072601 
-0.049072 
-0.018097 
0.006073 
0.008789 
-0.010010 
-0.017822 
-0.010712 
0.002411 
0.021698 
0.042450 
0.047028 
0.032867 
0.009247 
-0.014862 
-0.015656 
0.010803 
0.043884 
0.057281 
0.043732 
0.016083 
0.000824 
0.011383 
0.030731 
0.038757 
0.026306 
-0.013702 
-0.054932 
-0.076782 
-0.084869 
-0.074036 
-0.048126 
-0.037781 
-0.037781 
-0.040649 
-0.051361 
-0.032532 
0.025452 
0.078033 
0.110565 
0.112396 
0.072601 
0.048737 
0.060455 
0.070679 
0.079163 
0.072418 
0.025421 
-0.018585 
-0.045990 
-0.074402 
-0.074615 
-0.052399 
-0.049591 
-0.051636 
-0.064392 
-0.089264 
-0.076569 
-0.026611 
0.021667 
0.060913 
0.068848 
0.041199 
0.029449 
0.039490 
0.053284 
0.070892 
0.066254 
0.030243 
-0.006317 
-0.038849 
-0.059479 
-0.047302 
-0.020111 
0.002808 
0.021698 
0.016083 
0.001434 
0.010071 
0.038574 
0.068726 
0.083282 
0.057739 
0.006165 
-0.032806 
-0.050842 
-0.053131 
-0.048492 
-0.051819 
-0.067108 
-0.079193 
-0.083862 
-0.078796 
-0.050507 
-0.002747 
0.041260 
0.069611 
0.075806 
0.066223 
0.066956 
0.091553 
0.115692 
0.122162 
0.100830 
0.054474 
0.013489 
-0.007843 
-0.026337 
-0.041809 
-0.057037 
-0.087311 
-0.111664 
-0.122833 
-0.130005 
-0.113220 
-0.072388 
-0.036407 
-0.002411 
0.019867 
0.021515 
0.038147 
0.074310 
0.099762 
0.114655 
0.103516 
0.064758 
0.037903 
0.028748 
0.017029 
0.012726 
0.004883 
-0.015106 
-0.023651 
-0.029388 
-0.040436 